%YAML:1.0
---
CameraMat: !!opencv-matrix
   rows: 3
   cols: 3
   dt: d
   data: [ 7.188560000000e+02, 0., 6.071928000000e+02 , 0.,7.188560000000e+02, 1.852157000000e+02, 0., 0., 1. ]
DistCoeff: !!opencv-matrix
   rows: 1
   cols: 5
   dt: d
   data: [ -1.0931326701291602e-01, 6.2315502380109716e-02,3.1998286791491308e-04, 4.4496193647436447e-05, 0. ]
ImageSize: [ 1241, 376 ]
CameraExtrinsicMat: !!opencv-matrix
   rows: 4
   cols: 4
   dt: d
   data: [7.967514e-03,  -9.999679e-01, -8.462264e-04, -1.377769e-02,-2.771053e-03, 8.241710e-04,-9.999958e-01 , -5.542117e-02,9.999644e-01, 7.969825e-03,-2.764397e-03, -2.918589e-01, 0., 0., 0., 1. ]
Pose: [ 5.0902978301338073e-04, -6.1939914048780222e-02,
    4.4749064695750192e-02, 1.5834395057033490e+00,
    5.9043390911951765e-02, 1.5379021184281692e+00 ]
